return 
[[4,1,2,1,1], [4,2,2,1,2], [4,2,3,1,1], [8,1,4,2,1], [8,2,4,1,2], [8,2,4,2,3], [8,5,4,1,2], [8,5,4,2,4], [8,5,7,1,1], [9,1,6,2,1], [9,2,6,1,2], [9,2,6,2,1], [9,2,8,1,1], [9,2,8,4,1], [16,1,8,2,1], [16,2,8,2,10], [16,2,8,3,9],  [16,2,8,5,6],  [16,2,12,3,2],  [16,2,12,5,2],  [16,3,8,2,14], [16,3,8,3,17], [16,3,8,5,6],  [16,4,8,2,7],  [16,4,8,3,10], [16,4,8,5,7],  [16,5,8,2,8],  [16,5,8,3,16], [16,5,8,5,9],  [16,6,8,2,8],  [16,6,8,3,17], [16,6,8,5,8],  [16,10,8,2,96], [16,10,8,3,90], [16,10,8,4,24], [16,10,8,5,41], [16,12,12,3,2], [16,14,8,2,84], [16,14,8,3,77], [16,14,8,4,24], [16,14,8,5,37], [16,14,12,3,5], [16,14,12,5,2],  [16,14,15,1,1],  [25,1,20,2,1], [25,2,20,1,1], [25,2,20,2,1], [25,2,20,3,3], [25,2,24,1,1], [25,2,24,2,1], [25,2,24,3,1], [27,1,18,2,1], [27,2,18,3,4], [27,2,18,5,9], [27,3,18,3,4], [27,4,18,3,4], [27,5,18,3,3], [27,5,18,4,4], [27,5,18,5,5], [27,5,26,2,1], [32,1,16,5,1], [32,2,16,3,369], [32,2,16,10,198], [32,2,16,11,764], [32,2,16,14,66],  [32,3,16,3,208], [32,3,16,10,128], [32,3,16,11,489], [32,3,16,14,55],  [32,4,16,3,238], [32,4,16,10,100], [32,4,16,11,424],
[32,4,16,14,36],[32,5,16,3,548], [32,5,16,10,232],
[32,5,16,11,1077], [32,5,16,14,88], [32,6,16,3,64],
[32,6,16,11,225], [32,6,16,13,144], [32,7,16,3,32],
[32,7,16,11,121], [32,7,16,13,72], [32,8,16,3,32],
[32,8,16,11,104], [32,8,16,13,72], [32,12,16,3,624],
[32,12,16,10,312], [32,12,16,11,1350], [32,12,16,14,120], [32,16,16,10,33], [32,16,16,11,16], [32,16,16,12,16],
[32,16,16,13,64], [32,17,16,10,32], [32,17,16,11,16],
[32,17,16,12,16], [32,17,16,13,65], [32,21,16,2,256],
[32,21,16,3,634], [32,21,16,4,136], [32,21,16,5,4],
[32,21,16,6,2], [32,21,16,10,13630], [32,21,16,11,62910],
[32,21,16,12,4368], [32,21,16,13,49152], [32,21,16,14,4466],
[32,22,16,2,1024], [32,22,16,3,5936], [32,22,16,4,3120],
[32,22,16,5,20], [32,22,16,6,30], [32,22,16,10,14457],
[32,22,16,11,66579], [32,22,16,12,4368], [32,22,16,13,49368],
[32,22,16,14,4472], [32,23,16,3,458], [32,23,16,4,4],
[32,23,16,10,13414], [32,23,16,11,85208], [32,23,16,12,4416],
[32,23,16,13,49920], [32,23,16,14,4485],[32,24,16,10,24576],
[32,24,16,11,123080], [32,24,16,12,8192], [32,24,16,13,98504],
[32,24,16,14,8192], [32,36,16,3,448], [32,36,16,10,16770],
[32,36,16,11,83244], [32,36,16,12,5472], [32,36,16,13,65536],
[32,36,16,14,5705], [32,37,16,3,496], [32,37,16,10,49514],
[32,37,16,11,247431], [32,37,16,12,16384], [32,37,16,13,197008], [32,37,16,14,16586], [32,45,16,2,16435],
[32,45,16,3,40447], [32,45,16,4,47904], [32,45,16,5,24],
[32,45,16,6,32], [32,45,16,8,14], [32,45,16,9,14],
[32,45,16,10,741652], [32,45,16,11,2190035], [32,45,16,12,710359], [32,45,16,13,2847717], [32,45,16,14,"Not all nearrings are yet available"], [32,51,16,2,5983], [32,51,16,3,23205],
[32,51,16,4,17100], [32,51,16,5,24], [32,51,16,6,32],
[32,51,16,8,14], [32,51,16,9,14], [32,51,16,10,789167],
[32,51,16,11,2566765], [32,51,16,12,703803], [32,51,16,13,2808419], [32,51,16,14,"Not all nearrings are yet available"], [49,1,42,6,1],
[49,2,42,1,3], [49,2,42,2,2], [49,2,42,4,1], [49,2,42,6,1],
[49,2,48,2,1], [49,2,48,27,1], [49,2,48,28,1], [64,1,32,16,1], [64,2,32,5,96], [64,2,32,9,64], [64,2,32,21,24], [64,2,32,23,40], [64,2,32,24,36], [64,2,32,36,64], [64,2,32,37,164], [64,2,32,39,160], [64,2,32,40,160],
[64,2,32,43,321], [64,2,32,45,68], [64,2,32,46,48], [64,2,32,47,48], [64,2,32,48,388], [64,2,48,44,2], [64,3,32,5,96], [64,3,32,9,64], [64,3,32,21,12], [64,3,32,23,20], [64,3,32,24,24], [64,3,32,3,60],
[64,3,32,37,160], [64,3,32,39,160], [64,3,32,40,160], 
[64,3,32,43,320], [64,3,32,45,68], [64,3,32,46,48], [64,3,32,47,48], [64,3,32,48,388], [64,4,32,6,1024],
[64,4,32,22,23424], [64,4,32,25,10736], [64,4,32,27,43006],
[64,4,32,28,34688], [64,4,32,30,8384],[64,4,32,31,3712],
[64,4,32,34,7726], [64,4,32,46,21361], [64,4,32,48,5632],
[64,4,32,49,7552], [64,5,32,6,1024], [64,5,32,22,21888],
[64,5,32,25,7176], [64,5,32,27,31992], [64,5,32,28,23846],
[64,5,32,30,7144], [64,5,32,31,3136], [64,5,32,34,4040], 
[64,5,32,46,6440], [64,5,32,48,4880], [64,5,32,49,6624],
[64,10,32,6,64], [64,10,32,22,1792], [64,10,32,25,320],
[64,10,32,27,2496], [64,10,32,28,960], [64,10,32,30,256],
[64,10,32,31,128], [64,10,32,34,192], [64,10,32,46,960],
[64,10,32,48,128], [64,10,32,49,128], [64,12,32,6,64],
[64,12,32,22,1344], [64,12,32,25,240], [64,12,32,27,1921],
[64,12,32,28,720], [64,12,32,30,192], [64,12,32,31,96],
[64,12,32,34,144], [64,12,32,46,720], [64,12,32,48,96],
[64,12,32,49,96], [64,14,32,6,48], [64,14,32,22,1344],
[64,14,32,25,240], [64,14,32,27,1824], [64,14,32,28,720],
[64,14,32,30,192], [64,14,32,31,96], [64,14,32,34,144],
[64,14,32,46,720], [64,14,32,48,96], [64,14,32,49,96],
[64,15,32,5,96], [64,15,32,9,32], [64,15,32,36,64],
[64,15,32,37,192], [64,15,32,39,408], [64,15,32,40,408],
[64,15,32,43,800], [64,15,32,45,32], [64,15,32,46,32],
[64,15,32,47,32], [64,15,32,48,288], [64,16,32,5,96],
[64,16,32,9,32], [64,16,32,36,64], [64,16,32,37,192],
[64,16,32,39,408], [64,16,32,40,408], [64,16,32,43,800],
[64,16,32,45,32], [64,16,32,46,32], [64,16,32,47,32],
[64,16,32,48,288], [64,17,32,22,210641], [64,17,32,27,208752],
[64,17,32,45,13667], [64,23,32,6,710], [64,23,32,7,34],
[64,23,32,22,14977], [64,23,32,27,29048], [64,23,32,28,29184],
[64,23,32,30,7808], [64,23,32,31,3896], [64,23,32,34,6840],
[64,23,32,46,11709], [64,23,32,48,3776], [64,23,32,49,3776],
[64,24,32,6,640], [64,24,32,22,12481], [64,24,32,25,8676], 
[64,24,32,27,26856], [64,24,32,28,27488], [64,24,32,30,6624],
[64,24,32,31,3312], [64,24,32,34,5364], [64,24,32,46,11124],
[64,24,32,48,3312], [64,24,32,49,3312], [64,26,32,5,16],
[64,26,32,11,36], [64,26,32,21,346], [64,26,32,22,576],
[64,26,32,23,832], [64,26,32,24,528], [64,26,32,25,2305],
[64,26,32,28,1024], [64,26,32,29,1024], [64,26,32,30,1024],
[64,26,32,36,84], [64,26,32,37,232], [64,26,32,40,32],
[64,26,32,41,32], [64,26,32,42,288], [64,26,32,43,144],
[64,26,32,44,208], [64,26,32,45,456], [64,26,32,46,212],
[64,26,32,47,212], [64,26,32,48,1856], [64,27,32,5,16],
[64,27,32,11,36], [64,27,32,21,272], [64,27,32,22,512],
[64,27,32,23,768], [64,27,32,24,602], [64,27,32,25,2177],
[64,27,32,28,1088], [64,27,32,29,1088], [64,27,32,30,1152],
[64,27,32,36,84], [64,27,32,37,232], [64,27,32,40,32],
[64,27,32,41,32], [64,27,32,42,288], [64,27,32,43,144],
[64,27,32,44,208], [64,27,32,45,376], [64,27,32,46,212],
[64,27,32,47,212], [64,27,32,48,1936],[64,29,32,21,784],
[64,29,32,22,1488], [64,29,32,23,2192], [64,29,32,24,1488],
[64,29,32,25,7641], [64,29,32,28,3616], [64,29,32,29,3616],
[64,29,32,30,2976], [64,29,32,45,784], [64,29,32,46,352],
[64,29,32,47,352], [64,29,32,48,2896], [64,30,32,25,769],
[64,30,32,28,384], [64,30,32,29,384], [64,30,32,48,1488],
[64,30,32,49,704], [64,30,32,50,704], [64,34,32,6,576],
[64,34,32,11,4736], [64,34,32,22,64], [64,34,32,24,64],
[64,34,32,25,304], [64,34,32,27,704], [64,34,32,28,1193],
[64,34,32,29,128], [64,34,32,30,752], [64,34,32,31,192],
[64,34,32,33,144], [64,34,32,34,96], [64,34,32,42,2304],
[64,34,32,43,2688], [64,34,32,44,2048], [64,34,32,46,120],
[64,34,32,48,64], [64,35,32,6,512], [64,35,32,11,4608],
[64,35,32,22,64], [64,35,32,24,80], [64,35,32,25,288],
[64,35,32,27,680], [64,35,32,28,1152], [64,35,32,29,128],
[64,35,32,30,704], [64,35,32,31,208], [64,35,32,33,128],
[64,35,32,34,120], [64,35,32,42,2048], [64,35,32,43,2560],
[64,35,32,44,2048], [64,35,32,46,96], [64,35,32,48,80],
[64,36,32,6,512], [64,36,32,11,4608], [64,36,32,22,64],
[64,36,32,24,80], [64,36,32,25,288], [64,36,32,27,680],
[64,36,32,28,1153], [64,36,32,29,128], [64,36,32,30,704],
[64,36,32,31,208], [64,36,32,33,128], [64,36,32,34,120],
[64,36,32,42,2304], [64,36,32,43,2560], [64,36,32,44,2048],
[64,36,32,46,96], [64,36,32,48,80], [64,37,32,6,576], 
[64,37,32,11,4736], [64,37,32,22,64], [64,37,32,24,64],
[64,37,32,25,304], [64,37,32,27,704], [64,37,32,28,1192],
[64,37,32,29,128], [64,37,32,30,752], [64,37,32,31,192],
[64,37,32,33,144], [64,37,32,34,96], [64,37,32,42,2048],
[64,37,32,43,2688], [64,37,32,44,2048], [64,37,32,46,120],
[64,37,32,48,64], [64,44,32,21,864], [64,44,32,22,1632],
[64,44,32,23,2400], [64,44,32,24,1632], [64,44,32,25,7188],
[64,44,32,28,3360], [64,44,32,29,3360], [64,44,32,30,3264],
[64,44,32,45,864], [64,44,32,46,384], [64,44,32,47,384],
[64,44,32,48,3168], [64,45,32,36,64], [64,45,32,37,192],
[64,45,32,40,128], [64,45,32,41,128], [64,45,32,42,128],
[64,45,32,43,320], [64,45,32,44,576], [64,45,32,45,32],
[64,45,32,46,32], [64,45,32,47,32], [64,45,32,48,288],
[64,50,32,36,65], [64,50,32,37,64], [64,50,32,38,128],
[64,51,32,36,64], [64,51,32,37,64], [64,51,32,38,129],
[64,55,56,11,6], [64,55,56,13,3], [64,82,56,11,9], [81,1,54,2,1], [81,2,54,3,27], [81,2,54,6,55], [81,2,54,9,49],
[81,2,54,10,11], [81,2,54,11,110], [81,2,54,15,4], [81,2,72,14,2], [81,2,72,19,2], [81,2,72,24,4], [81,2,72,26,4], [81,3,54,12,46], [81,5,54,4,10], [81,5,54,9,135], [81,5,54,11,243], [81,6,54,4,10],
[81,11,54,5,45], [81,11,54,8,16], [81,11,54,9,13],
[81,11,54,10,15006], [81,11,54,11,24], [81,11,54,12,175],
[81,11,54,13,30], [81,11,54,15,7680], [81,12,54,5,417],
[81,12,54,8,30], [81,12,54,12,108], [81,12,54,13,248],
[81,12,72,39,4], [81,13,54,5,45], [81,13,54,8,55], [81,13,54,12,175], [81,13,54,13,62], [81,15,54,3,9],
[81,15,54,5,391], [81,15,54,6,18], [81,15,54,8,10],
[81,15,54,9,9], [81,15,54,10,7527], [81,15,54,11,17],
[81,15,54,12,87], [81,15,54,13,191], [81,15,54,14,167],
[81,15,54,15,3896], [81,15,72,13,2], [81,15,72,14,2],
[81,15,72,19,4], [81,15,72,24,4], [81,15,72,39,10],
[81,15,80,1,1], [81,15,80,2,1], [121,1,110,6,1], [121,2,110,1,5], [121,2,110,2,4], [121,2,110,4,1], [121,2,110,6,1], [121,2,120,4,1], [121,2,120,5,1], [121,2,120,15,1], [121,2,120,21,1], [125,1,100,2,1], [125,2,100,6,15], [125,2,100,8,13], [125,2,100,9,3], [125,3,100,9,3], [125,3,100,10,3], [125,4,100,9,2], [125,5,100,6,5], [125,5,100,7,1], [125,5,100,8,7], [125,5,100,9,3], [125,5,100,10,5], [125,5,100,11,5], [125,5,100,12,3], [125,5,124,2,1], [169,1,156,6,1], [169,2,156,1,2], [169,2,156,2,2], [169,2,156,4,1], [169,2,156,6,1], [169,2,156,7,5], [169,2,156,9,2], [169,2,168,4,1], [169,2,168,6,1], [243,2,162,32,12879], [243,2,162,33,3351], [243,2,162,35,87], [243,2,162,36,96472], [243,2,162,37,6810], [243,2,162,51,30], [243,10,162,3,477], [243,10,162,6,811], [243,10,162,23,21372], [243,10,162,25,96531], [243,10,162,30,36], [243,10,162,31,27],
[243,10,162,47,6], [243,10,162,49,6], [243,10,162,50,32],
[243,11,162,3,477], [243,11,162,6,811], [243,12,162,33,10306],
[243,12,162,37,19683], [243,13,162,32,2430], [243,13,162,33,90], [243,13,162,34,81811], [243,13,162,35,6723], [243,13,162,36,32076], [243,13,162,37,342], [243,13,162,51,3321],
[243,13,162,52,12879], [243,14,162,32,12393],
[243,14,162,33,3321], [243,14,162,36,92583],
[243,14,162,37,6723], [243,15,162,32,11961],
[243,15,162,33,3432], [243,15,162,34,5832],
[243,15,162,36,89127], [243,15,162,37,6702], [243,15,162,52,729], [243,16,162,33,19683],
[243,16,162,37,39366], [243,23,162,8,28], [243,23,162,26,1134], [243,23,162,27,2187], [243,24,162,8,28], [289,1,272,2,1], [289,2,272,1,1], [289,2,272,2,1], [289,2,272,3,2], [289,2,272,28,4], [289,2,272,50,9], [289,2,288,1,1], [289,2,288,2,1], [343,1,294,6,1],
[343,2,294,8,3], [343,2,294,15,8], [343,2,294,18,3], [343,2,294,23,17], [343,3,294,8,3], [343,3,294,9,2],
[343,3,294,11,3], [343,4,294,8,2], [343,5,294,8,3],
[343,5,294,9,2], [343,5,294,10,4], [343,5,294,11,5],
[343,5,294,12,3], [343,5,294,13,5], [343,5,294,14,2],
[343,5,294,15,3], [343,5,294,16,3], [343,5,294,17,3],
[343,5,294,18,2], [343,5,294,19,2], [343,5,294,23,9],
[343,5,342,2,2], [343,5,342,6,1], [361,1,342,6,1], [361,2,342,1,2], [361,2,342,2,2], [361,2,342,4,1], [361,2,342,6,1], [361,2,342,7,7], [361,2,342,8,6], [361,2,360,4,1], [361,2,360,15,1], [1331,2,1210,8,5], [1331,2,1210,18,14], [1331,2,1210,22,3], [1331,2,1210,27,25], [1331,3,1210,8,3], [1331,3,1210,13,2], [1331,3,1210,14,2], [1331,3,1210,15,3], [1331,3,1210,17,2], [1331,4,1210,8,2], [1331,5,1210,8,5], [1331,5,1210,9,7], [1331,5,1210,10,4], [1331,5,1210,11,7], [1331,5,1210,12,5], [1331,5,1210,13,5], [1331,5,1210,14,5], [1331,5,1210,15,9], [1331,5,1210,16,6], [1331,5,1210,17,4], [1331,5,1210,18,5], [1331,5,1210,19,5], [1331,5,1210,20,3], [1331,5,1210,21,9], [1331,5,1210,22,2], [1331,5,1210,23,2], [1331,5,1210,27,13]];

